120
-4.313174671920274 0.3002990694797204 3.327152491173175
-4.3423817743349 0.3149479477205937 2.8880817472716207
-4.371588876749526 0.329596825961467 2.4490110033700665
-4.400795979164152 0.34424570420234035 2.009940259468512
-4.430003081578778 0.35889458244321365 1.5708695155669576
-4.459210183993404 0.37354346068408695 1.131798771665403
-4.163102835129283 0.37073861792224194 1.1111112744096445
-4.133895732714658 0.35608973968136864 1.5501820183111992
-4.104688630300032 0.34144086144049535 1.9892527622127534
-4.0754815278854055 0.32679198319962205 2.4283235061143076
-4.04627442547078 0.3121431049587487 2.8673942500158622
-4.017067323056153 0.2974942267178754 3.3064649939174164
-3.424852625327913 0.2918845411941854 3.265089999405899
-3.454059727742539 0.30653341943505874 2.8260192555043444
-3.4832668301571648 0.32118229767593204 2.38694851160279
-3.5124739325717913 0.33583117591680534 1.947877767701236
-3.541681034986417 0.3504800541576787 1.5088070237996818
-3.5708881374010426 0.365128932398552 1.0697362798981271
-3.2747807885369227 0.36232408963670704 1.0490487826423682
-3.2455736861222966 0.3476752113958337 1.4881195265439229
-3.2163665837076705 0.3330263331549604 1.9271902704454773
-3.187159481293045 0.3183774549140871 2.3662610143470317
-3.1579523788784187 0.30372857667321373 2.805331758248586
-3.1287452764637926 0.28907969843234044 3.24440250215014
-2.5365305787355523 0.2834700129086504 3.2030275076386228
-2.565737681150178 0.2981188911495238 2.7639567637370686
-2.594944783564804 0.3127677693903971 2.324886019835514
-2.62415188597943 0.3274166476312704 1.88581527593396
-2.6533589883940563 0.34206552587214367 1.4467445320324055
-2.682566090808682 0.356714404113017 1.0076737881308508
-2.3864587419445615 0.353909561351172 0.9869862908750924
-2.3572516395299354 0.3392606831102987 1.426057034776647
-2.32804453711531 0.3246118048694254 1.8651277786782012
-2.2988374347006837 0.30996292662855207 2.3041985225797554
-2.2696303322860576 0.2953140483876788 2.7432692664813096
-2.240423229871432 0.2806651701468055 3.1823400103828643
-1.6482085321431912 0.27505548462311546 3.140965015871347
-1.6774156345578168 0.2897043628639888 2.7018942719697927
-1.706622736972443 0.3043532411048621 2.262823528068238
-1.735829839387069 0.3190021193457354 1.8237527841666838
-1.7650369418016947 0.33365099758660877 1.3846820402651296
-1.7942440442163208 0.34829987582748206 0.945611296363575
-1.4981366953522004 0.34549503306563706 0.9249237991078161
-1.4689295929375747 0.33084615482476376 1.3639945430093707
-1.4397224905229487 0.3161972765838904 1.8030652869109252
-1.4105153881083226 0.3015483983430171 2.242136030812479
-1.3813082856936965 0.2868995201021438 2.681206774714034
-1.3521011832790708 0.2722506418612705 3.120277518615588
-0.7598864855508305 0.2666409563375805 3.0789025241040706
-0.7890935879654561 0.2812898345784538 2.6398317802025164
-0.8183006903800822 0.29593871281932715 2.200761036300962
-0.8475077927947083 0.31058759106020045 1.7616902923994076
-0.876714895209334 0.32523646930107375 1.3226195484978533
-0.9059219976239601 0.3398853475419471 0.8835488045962987
-0.6098146487598397 0.3370805047801021 0.8628613073405402
-0.580607546345214 0.3224316265392288 1.3019320512420949
-0.5514004439305875 0.30778274829835545 1.741002795143649
-0.5221933415159619 0.29313387005748215 2.1800735390452033
-0.4929862391013362 0.27848499181660885 2.619144282946758
-0.46377913668670967 0.2638361135757355 3.0582150268483117
0.1284355610415311 0.25822642805204554 3.0168400323367948
0.09922845862690455 0.27287530629291884 2.57776928843524
0.0700213562122789 0.2875241845337922 2.138698544533686
0.040814253797653244 0.3021730627746655 1.6996278006321317
0.011607151383026704 0.3168219410155388 1.2605570567305775
-0.017599951031598948 0.33147081925641214 0.8214863128290228
0.278507397832521 0.32866597649456714 0.8007988155732639
0.30771450024714664 0.31401709825369384 1.2398695594748186
0.3369216026617732 0.2993682200128205 1.6789403033763728
0.36612870507639883 0.2847193417719472 2.1180110472779274
0.3953358074910245 0.2700704635310739 2.5570817911794816
0.424542909905651 0.25542158529020054 2.996152535081036
1.0167576076338918 0.24981189976651058 2.9547775405695185
0.9875505052192652 0.2644607780073839 2.5157067966679643
0.9583434028046396 0.27910965624825723 2.0766360527664096
0.9291363003900139 0.29375853448913053 1.6375653088648554
0.8999291979753874 0.3084074127300038 1.1984945649633012
0.8707220955607617 0.3230562909708772 0.7594238210617466
1.1668294444248826 0.3202514482090322 0.7387363238059881
1.1960365468395082 0.3056025699681588 1.1778070677075427
1.2252436492541348 0.2909536917272855 1.616877811609097
1.2544507516687604 0.2763048134864122 2.055948555510651
1.283657854083386 0.26165593524553893 2.4950192994122053
1.3128649564980126 0.24700705700466558 2.93409004331376
1.9050796542262534 0.24139737148097562 2.892715048802242
1.8758725518116268 0.2560462497218489 2.4536443049006884
1.8466654493970012 0.2706951279627222 2.0145735609991338
1.8174583469823755 0.28534400620359557 1.5755028170975796
1.788251244567749 0.29999288444446887 1.1364320731960253
1.7590441421531233 0.31464176268534216 0.6973613292944707
2.0551514910172433 0.3118369199234972 0.6766738320387118
2.084358593431869 0.29718804168262386 1.1157445759402664
2.1135656958464955 0.28253916344175056 1.5548153198418206
2.142772798261121 0.26789028520087727 1.993886063743375
2.1719799006757468 0.2532414069600039 2.4329568076449295
2.2011870030903733 0.23859252871913061 2.8720275515464837
2.793401700818614 0.23298284319544066 2.8306525570349663
2.7641945984039875 0.24763172143631396 2.391581813133412
2.734987495989362 0.2622805996771873 1.9525110692318575
2.705780393574736 0.2769294779180606 1.5134403253303033
2.6765732911601097 0.2915783561589339 1.074369581428749
2.647366188745484 0.30622723439980726 0.6352988375271944
2.943473537609604 0.30342239163796225 0.6146113402714359
2.9726806400242296 0.2887735133970889 1.0536820841729906
3.001887742438856 0.2741246351562156 1.4927528280745448
3.031094844853482 0.2594757569153423 1.931823571976099
3.0603019472681074 0.24482687867446898 2.370894315877653
3.089509049682734 0.23017800043359565 2.8099650597792074
3.6817237474109747 0.22456831490990567 2.7685900652676905
3.652516644996349 0.239217193150779 2.329519321366136
3.6233095425817217 0.2538660713916523 1.8904485774645816
3.594102440167096 0.26851494963252565 1.4513778335630274
3.5648953377524704 0.28316382787339894 1.0123070896614732
3.5356882353378447 0.29781270611427224 0.5732363457599186
3.8317955842019655 0.29500786335242724 0.5525488485041596
3.861002686616591 0.28035898511155394 0.9916195924057143
3.890209789031217 0.26571010687068064 1.4306903363072685
3.9194168914458425 0.2510612286298073 1.8697610802088227
3.94862399386047 0.236412350388934 2.3088318241103774
3.9778310962750956 0.2217634721480607 2.7479025680119316
