135
-30.816555494393683 -4.775444014475127 -5.120216539598457
-29.30915753552682 -4.729246516578132 -5.411389606506458
-27.801759576659954 -4.683049018681137 -5.7025626734144605
-26.29436161779309 -4.636851520784143 -5.993735740322462
-24.786963658926226 -4.590654022887148 -6.284908807230464
-23.27956570005936 -4.544456524990153 -6.576081874138466
-21.772167741192497 -4.498259027093158 -6.867254941046467
-20.264769782325633 -4.452061529196163 -7.15842800795447
-18.75737182345877 -4.405864031299168 -7.449601074862471
-17.249973864591905 -4.359666533402173 -7.740774141770474
-15.742575905725039 -4.313469035505178 -8.031947208678474
-14.235177946858173 -4.267271537608183 -8.323120275586476
-11.220382029124444 -4.174876541814194 -8.90546640940248
-9.71298407025758 -4.128679043917199 -9.196639476310484
-8.205586111390716 -4.082481546020204 -9.487812543218485
-6.698188152523851 -4.036284048123209 -9.778985610126487
-5.190790193656987 -3.9900865502262137 -10.070158677034488
-3.6833922347901225 -3.943889052329219 -10.36133174394249
-2.1759942759232573 -3.897691554432224 -10.652504810850491
-0.6685963170563931 -3.851494056535229 -10.943677877758493
-0.43052789051469453 -3.871140006054059 -9.69385698432962
-1.9379258493815592 -3.917337503951054 -9.40268391742162
-3.4453238082484234 -3.963535001848049 -9.111510850513618
-4.952721767115287 -4.009732499745044 -8.820337783605616
-6.4601197259821515 -4.055929997642039 -8.529164716697613
-7.9675176848490175 -4.102127495539034 -8.237991649789612
-9.474915643715882 -4.148324993436028 -7.94681858288161
-10.982313602582746 -4.194522491333023 -7.6556455159736085
-13.997109520316474 -4.286917487127013 -7.073299382157604
-15.50450747918334 -4.333114985024008 -6.782126315249602
-17.011905438050206 -4.379312482921003 -6.490953248341601
-18.51930339691707 -4.425509980817998 -6.199780181433599
-20.026701355783935 -4.471707478714993 -5.908607114525598
-21.5340993146508 -4.517904976611987 -5.617434047617595
-23.041497273517663 -4.564102474508982 -5.326260980709593
-24.548895232384528 -4.610299972405977 -5.035087913801592
-26.05629319125139 -4.6564974703029725 -4.74391484689359
-27.563691150118256 -4.7026949681999675 -4.452741779985589
-29.07108910898512 -4.7488924660969625 -4.161568713077585
-30.578487067851984 -4.7950899639939575 -3.870395646169584
-30.102350214768588 -4.834381863031617 -1.3707538593118382
-28.594952255901724 -4.788184365134622 -1.6619269262198397
-27.08755429703486 -4.741986867237627 -1.953099993127843
-25.580156338167996 -4.695789369340632 -2.2442730600358445
-24.07275837930113 -4.649591871443638 -2.5354461269438477
-22.565360420434267 -4.603394373546643 -2.8266191938518492
-21.057962461567403 -4.557196875649648 -3.1177922607598507
-19.55056450270054 -4.510999377752653 -3.408965327667852
-18.043166543833674 -4.464801879855658 -3.7001383945758537
-16.53576858496681 -4.418604381958663 -3.991311461483855
-15.028370626099942 -4.372406884061668 -4.282484528391857
-13.520972667233076 -4.326209386164673 -4.573657595299859
-10.506176749499348 -4.233814390370683 -5.156003729115863
-8.998778790632484 -4.187616892473689 -5.447176796023864
-7.491380831765619 -4.141419394576694 -5.738349862931867
-5.983982872898755 -4.095221896679699 -6.029522929839868
-4.476584914031891 -4.049024398782704 -6.320695996747871
-2.9691869551650267 -4.002826900885709 -6.611869063655872
-1.461788996298162 -3.956629402988714 -6.903042130563874
0.045608962568702394 -3.910431905091719 -7.194215197471876
0.28367738911040097 -3.9300778546105493 -5.944394304043003
-1.2237205697564635 -3.976275352507544 -5.653221237135001
-2.731118528623328 -4.022472850404539 -5.362048170226999
-4.238516487490193 -4.068670348301534 -5.070875103318997
-5.745914446357057 -4.114867846198528 -4.7797020364109954
-7.253312405223921 -4.161065344095523 -4.488528969502994
-8.760710364090786 -4.207262841992518 -4.1973559025949925
-10.26810832295765 -4.253460339889513 -3.906182835686989
-13.282904240691378 -4.3458553356835035 -3.3238367018709862
-14.790302199558244 -4.3920528335804985 -3.0326636349629847
-16.297700158425112 -4.4382503314774935 -2.7414905680549833
-17.805098117291973 -4.4844478293744885 -2.4503175011469818
-19.31249607615884 -4.530645327271483 -2.1591444342389803
-20.8198940350257 -4.576842825168478 -1.867971367330977
-22.32729199389257 -4.623040323065473 -1.5767983004229755
-23.83468995275943 -4.669237820962468 -1.285625233514974
-25.342087911626297 -4.715435318859463 -0.9944521666069708
-26.849485870493158 -4.761632816756458 -0.7032790996989693
-28.356883829360026 -4.807830314653453 -0.4121060327909678
-29.864281788226887 -4.854027812550448 -0.12093296588296631
-29.38814493514349 -4.8933197115881075 2.3787088209747793
-27.880746976276626 -4.8471222136911125 2.087535754066778
-26.373349017409762 -4.8009247157941175 1.7963626871587746
-24.865951058542898 -4.7547272178971225 1.505189620250773
-23.358553099676033 -4.7085297200001275 1.2140165533427716
-21.85115514080917 -4.6623322221031325 0.9228434864347701
-20.343757181942305 -4.6161347242061375 0.6316704195267686
-18.83635922307544 -4.569937226309143 0.3404973526187671
-17.328961264208576 -4.523739728412148 0.049324285710765636
-15.82156330534171 -4.477542230515153 -0.24184878119723763
-14.314165346474848 -4.431344732618158 -0.5330218481052391
-12.806767387607982 -4.385147234721163 -0.8241949150132406
-9.791971469874253 -4.292752238927173 -1.4065410488292454
-8.28457351100739 -4.246554741030178 -1.6977141157372468
-6.777175552140525 -4.200357243133183 -1.9888871826452483
-5.269777593273659 -4.154159745236189 -2.28006024955325
-3.7623796344067952 -4.107962247339194 -2.5712333164612513
-2.2549816755399315 -4.061764749442199 -2.862406383369253
-0.7475837166730668 -4.015567251545204 -3.153579450277256
0.7598142421937977 -3.969369753648209 -3.4447525171852575
0.9978826687354962 -3.989015703167039 -2.1949316237563856
-0.5095152901313682 -4.035213201064034 -1.9037585568483841
-2.016913248998233 -4.081410698961029 -1.6125854899403809
-3.524311207865097 -4.127608196858024 -1.3214124230323794
-5.031709166731961 -4.173805694755019 -1.030239356124378
-6.539107125598827 -4.220003192652014 -0.7390662892163764
-8.046505084465691 -4.266200690549009 -0.4478932223083749
-9.553903043332555 -4.312398188446004 -0.15672015540037343
-12.568698961066284 -4.404793184239994 0.4256259784156313
-14.076096919933148 -4.450990682136988 0.7167990453236328
-15.583494878800012 -4.497188180033983 1.0079721122316343
-17.09089283766688 -4.543385677930978 1.2991451791396376
-18.598290796533743 -4.589583175827973 1.590318246047639
-20.105688755400607 -4.635780673724968 1.8814913129556405
-21.61308671426747 -4.681978171621963 2.172664379863642
-23.120484673134335 -4.728175669518958 2.4638374467716435
-24.6278826320012 -4.774373167415953 2.755010513679645
-26.135280590868064 -4.820570665312948 3.0461835805876465
-27.642678549734928 -4.866768163209942 3.3373566474956498
-29.150076508601792 -4.912965661106938 3.628529714403653
-22.64434782005094 -4.767467568556618 4.963479233629391
-21.136949861184075 -4.721270070659623 4.672306166721389
-19.62955190231721 -4.675072572762628 4.381133099813388
-16.614755984583482 -4.5826775769686385 3.7987869659973814
-15.107358025716616 -4.536480079071643 3.50761389908938
-13.599960066849752 -4.4902825811746485 3.2164408321813784
-12.092562107982886 -4.4440850832776535 2.925267765273377
-9.077766190249157 -4.3516900874836635 2.342921631457374
-7.570368231382293 -4.3054925895866685 2.0517485645493707
-6.062970272515429 -4.2592950916896735 1.7605754976413692
-4.555572313648565 -4.2130975937926785 1.4694024307333677
-3.0481743547817 -4.166900095895683 1.1782293638253662
-1.5407763959148357 -4.120702597998688 0.8870562969173648
-0.033378437047971055 -4.074505100101694 0.5958832300093615
1.4740195218188934 -4.028307602204699 0.30471016310136
