135
2.922036803314562 -1.3344458800642796 -0.17314848856303677
2.3925092475361875 -1.33622217864297 -0.13397272055253007
1.8629816917578133 -1.3379984772216604 -0.09479695254202336
1.3334541359794372 -1.339774775800351 -0.05562118453151643
0.8039265802010629 -1.3415510743790415 -0.016445416521009726
0.2743990244226886 -1.343327372957732 0.02273035148949698
-0.2551285313556866 -1.3451036715364224 0.06190611950000391
-0.7846560871340618 -1.3468799701151128 0.10108188751051073
-1.314183642912437 -1.3486562686938033 0.14025765552101743
-1.8437111986908112 -1.3504325672724937 0.17943342353152425
-2.3732387544691855 -1.3522088658511844 0.21860919154203107
-2.9027663102475607 -1.3539851644298748 0.2577849595525379
-3.96182142180431 -1.3575377615872557 0.3361364955735515
-4.4913489775826845 -1.3593140601659461 0.3753122635840582
-5.02087653336106 -1.3610903587446366 0.41448803159456504
-5.550404089139434 -1.3628666573233272 0.45366379960507186
-6.079931644917808 -1.3646429559020177 0.4928395676155787
-6.609459200696183 -1.3664192544807081 0.5320153356260855
-7.138986756474559 -1.3681955530593986 0.5711911036365922
-7.668514312252933 -1.369971851638089 0.610366871647099
-7.698698483924221 -1.3550816443957892 0.1711082882792926
-7.169170928145846 -1.3533053458170987 0.13193252026878577
-6.6396433723674715 -1.3515290472384083 0.09275675225827906
-6.110115816589096 -1.3497527486597178 0.053580984247772134
-5.580588260810721 -1.3479764500810274 0.014405216237265428
-5.051060705032347 -1.346200151502337 -0.02477055177324128
-4.5215331492539725 -1.3444238529236463 -0.0639463197837482
-3.9920055934755974 -1.3426475543449559 -0.10312208779425491
-2.932950481918848 -1.339094957187575 -0.18147362381526855
-2.4034229261404727 -1.3373186586088845 -0.22064939182577548
-1.8738953703620984 -1.335542360030194 -0.2598251598362822
-1.3443678145837241 -1.3337660614515037 -0.2990009278467889
-0.8148402588053489 -1.331989762872813 -0.3381766958572958
-0.28531270302697376 -1.3302134642941226 -0.3773524638678025
0.24421485275139965 -1.3284371657154321 -0.41652823187830923
0.7737424085297739 -1.3266608671367417 -0.45570399988881616
1.3032699643081482 -1.3248845685580513 -0.4948797678993231
1.8327975200865243 -1.3231082699793608 -0.5340555359098296
2.3623250758648986 -1.3213319714006704 -0.5732313039203365
2.891852631643273 -1.3195556728219797 -0.6124070719308434
2.8314842883006985 -1.2897752583373803 -1.4909242386664563
2.3019567325223242 -1.2915515569160707 -1.4517484706559494
1.77242917674395 -1.2933278554947611 -1.4125727026454424
1.2429016209655739 -1.2951041540734516 -1.373396934634936
0.7133740651871996 -1.2968804526521422 -1.334221166624429
0.1838465094088253 -1.2986567512308327 -1.295045398613922
-0.345681046369549 -1.3004330498095231 -1.2558696306034156
-0.8752086021479242 -1.3022093483882136 -1.2166938625929087
-1.4047361579262994 -1.303985646966904 -1.1775180945824018
-1.9342637137046736 -1.3057619455455944 -1.1383423265718948
-2.463791269483048 -1.3075382441242849 -1.0991665585613883
-2.993318825261423 -1.3093145427029755 -1.0599907905508814
-4.052373936818173 -1.3128671398603564 -0.981639254529868
-4.581901492596548 -1.3146434384390469 -0.9424634865193611
-5.111429048374923 -1.3164197370177373 -0.9032877185088541
-5.640956604153297 -1.3181960355964277 -0.8641119504983474
-6.1704841599316715 -1.3199723341751182 -0.8249361824878407
-6.700011715710047 -1.3217486327538088 -0.7857604144773338
-7.229539271488422 -1.3235249313324993 -0.7465846464668271
-7.759066827266796 -1.3253012299111897 -0.7074088784563202
-7.789250998938084 -1.3104110226688899 -1.1466674618241266
-7.259723443159709 -1.3086347240901994 -1.185843229834633
-6.730195887381335 -1.306858425511509 -1.22501899784514
-6.20066833160296 -1.3050821269328186 -1.264194765855647
-5.671140775824584 -1.3033058283541281 -1.3033705338661534
-5.14161322004621 -1.3015295297754375 -1.3425463018766604
-4.612085664267836 -1.299753231196747 -1.3817220698871673
-4.082558108489461 -1.2979769326180566 -1.4208978378976742
-3.023502996932711 -1.2944243354606757 -1.4992493739186876
-2.493975441154336 -1.2926480368819853 -1.5384251419291946
-1.9644478853759617 -1.2908717383032946 -1.577600909939701
-1.4349203295975874 -1.2890954397246042 -1.616776677950208
-0.9053927738192122 -1.2873191411459137 -1.655952445960715
-0.37586521804083706 -1.2855428425672233 -1.6951282139712218
0.15366233773753635 -1.2837665439885328 -1.7343039819817283
0.6831898935159106 -1.2819902454098424 -1.7734797499922352
1.212717449294285 -1.280213946831152 -1.8126555180027422
1.742245005072661 -1.2784376482524613 -1.8518312860132486
2.2717725608510353 -1.2766613496737709 -1.8910070540237556
2.8013001166294096 -1.2748850510950804 -1.9301828220342625
2.7409317732868352 -1.245104636610481 -2.8086999887698756
2.211404217508461 -1.2468809351891714 -2.7695242207593687
1.6818766617300867 -1.2486572337678619 -2.7303484527488617
1.1523491059517106 -1.2504335323465523 -2.6911726847383557
0.6228215501733363 -1.2522098309252427 -2.6519969167278488
0.093293994394962 -1.2539861295039332 -2.612821148717342
-0.4362335613834123 -1.2557624280826238 -2.573645380706835
-0.9657611171617875 -1.2575387266613143 -2.534469612696328
-1.4952886729401627 -1.2593150252400047 -2.495293844685821
-2.024816228718537 -1.2610913238186952 -2.456118076675314
-2.5543437844969112 -1.2628676223973856 -2.416942308664808
-3.0838713402752864 -1.264643920976076 -2.377766540654301
-4.142926451832036 -1.2681965181334571 -2.2994150046332873
-4.672454007610411 -1.2699728167121476 -2.2602392366227804
-5.201981563388785 -1.271749115290838 -2.2210634686122734
-5.7315091191671605 -1.2735254138695284 -2.1818877006017665
-6.261036674945535 -1.2753017124482189 -2.1427119325912605
-6.79056423072391 -1.2770780110269095 -2.1035361645807535
-7.320091786502284 -1.2788543096056 -2.0643603965702466
-7.8496193422806595 -1.2806306081842904 -2.0251846285597397
-7.879803513951947 -1.2657404009419906 -2.464443211927546
-7.350275958173572 -1.2639641023633001 -2.503618979938053
-6.820748402395198 -1.2621878037846097 -2.5427947479485598
-6.291220846616823 -1.2604115052059193 -2.5819705159590667
-5.761693290838448 -1.2586352066272286 -2.6211462839695727
-5.232165735060073 -1.2568589080485382 -2.6603220519800796
-4.702638179281699 -1.2550826094698477 -2.6994978199905866
-4.173110623503324 -1.2533063108911573 -2.7386735880010935
-3.1140555119465745 -1.2497537137337764 -2.8170251240221074
-2.5845279561681993 -1.247977415155086 -2.8562008920326143
-2.055000400389825 -1.2462011165763953 -2.8953766600431203
-1.5254728446114507 -1.2444248179977049 -2.9345524280536273
-0.9959452888330755 -1.2426485194190144 -2.973728196064134
-0.46641773305470036 -1.240872220840324 -3.012903964074641
0.06310982272367482 -1.2390959222616336 -3.052079732085148
0.5926373785020491 -1.2373196236829431 -3.091255500095655
1.1221649342804234 -1.2355433251042527 -3.130431268106161
1.6516924900587995 -1.233767026525562 -3.169607036116668
2.1812200458371738 -1.2319907279468716 -3.208782804127175
2.710747601615548 -1.2302144293681812 -3.247958572137682
0.532269035159473 -1.2075392091983435 -3.9697726668312674
0.0027414793810986993 -1.209315507777034 -3.9305968988207605
-0.5267860763972756 -1.2110918063557246 -3.8914211308102535
-1.585841187954026 -1.2146444035131054 -3.8130695947892397
-2.1153687437324002 -1.2164207020917959 -3.7738938267787328
-2.6448962995107745 -1.2181970006704863 -3.734718058768226
-3.1744238552891497 -1.2199732992491767 -3.695542290757719
-4.233478966845899 -1.2235258964065578 -3.617190754736706
-4.7630065226242735 -1.2253021949852483 -3.578014986726199
-5.292534078402649 -1.2270784935639387 -3.538839218715692
-5.822061634181024 -1.2288547921426292 -3.499663450705185
-6.351589189959398 -1.2306310907213196 -3.460487682694678
-6.881116745737772 -1.23240738930001 -3.421311914684172
-7.410644301516148 -1.2341836878787005 -3.3821361466736652
-7.940171857294523 -1.2359599864573911 -3.3429603786631583
